   1.0000000e+00   8.9597579e-06  -4.1065081e-06
   8.9596996e-06  -1.0000000e+00  -1.4200595e-05
  -4.1066353e-06   1.4200558e-05  -1.0000000e+00
   1.0000000e+00   1.0879729e-05  -4.9864817e-06
   1.0879643e-05  -1.0000000e+00  -1.7243022e-05
  -4.9866693e-06   1.7242968e-05  -1.0000000e+00
   1.0000000e+00   1.2705836e-05  -5.8234281e-06
   1.2705719e-05  -1.0000000e+00  -2.0136707e-05
  -5.8236840e-06   2.0136633e-05  -1.0000000e+00
   1.0000000e+00   1.4611610e-05  -6.6968809e-06
   1.4611455e-05  -1.0000000e+00  -2.3156631e-05
  -6.6972193e-06   2.3156533e-05  -1.0000000e+00
   1.0000000e+00   1.6094586e-05  -7.3765528e-06
   1.6094398e-05  -1.0000000e+00  -2.5506581e-05
  -7.3769633e-06   2.5506463e-05  -1.0000000e+00
   1.0000000e+00   1.7665746e-05  -8.0966356e-06
   1.7665519e-05  -1.0000000e+00  -2.7996266e-05
  -8.0971302e-06   2.7996123e-05  -1.0000000e+00
   1.0000000e+00   1.9160093e-05  -8.7815100e-06
   1.9159826e-05  -1.0000000e+00  -3.0364231e-05
  -8.7820918e-06   3.0364062e-05  -1.0000000e+00
   1.0000000e+00   2.0719633e-05  -9.4962585e-06
   2.0719321e-05  -1.0000000e+00  -3.2835500e-05
  -9.4969388e-06   3.2835303e-05  -1.0000000e+00
   1.0000000e+00   2.1933188e-05  -1.0052436e-05
   2.1932838e-05  -1.0000000e+00  -3.4758515e-05
  -1.0053199e-05   3.4758294e-05  -1.0000000e+00
   1.0000000e+00   2.3093213e-05  -1.0584079e-05
   2.3092826e-05  -1.0000000e+00  -3.6596706e-05
  -1.0584924e-05   3.6596461e-05  -1.0000000e+00
   1.0000000e+00   2.4202070e-05  -1.1092268e-05
   2.4201645e-05  -1.0000000e+00  -3.8353813e-05
  -1.1093196e-05   3.8353545e-05  -1.0000000e+00
   1.0000000e+00   2.5491136e-05  -1.1683044e-05
   2.5490664e-05  -1.0000000e+00  -4.0396481e-05
  -1.1684074e-05   4.0396183e-05  -1.0000000e+00
   1.0000000e+00   2.6602908e-05  -1.2192564e-05
   2.6602394e-05  -1.0000000e+00  -4.2158206e-05
  -1.2193686e-05   4.2157881e-05  -1.0000000e+00
   1.0000000e+00   2.7660327e-05  -1.2677172e-05
   2.7659771e-05  -1.0000000e+00  -4.3833800e-05
  -1.2678384e-05   4.3833450e-05  -1.0000000e+00
   1.0000000e+00   2.8763876e-05  -1.3182919e-05
   2.8763275e-05  -1.0000000e+00  -4.5582494e-05
  -1.3184230e-05   4.5582114e-05  -1.0000000e+00
   1.0000000e+00   2.9715646e-05  -1.3619105e-05
   2.9715005e-05  -1.0000000e+00  -4.7090676e-05
  -1.3620504e-05   4.7090271e-05  -1.0000000e+00
   1.0000000e+00   3.0532389e-05  -1.3993409e-05
   3.0531712e-05  -1.0000000e+00  -4.8384893e-05
  -1.3994886e-05   4.8384466e-05  -1.0000000e+00
   1.0000000e+00   3.1397698e-05  -1.4389968e-05
   3.1396982e-05  -1.0000000e+00  -4.9756068e-05
  -1.4391530e-05   4.9755616e-05  -1.0000000e+00
   1.0000000e+00   3.2220703e-05  -1.4767138e-05
   3.2219949e-05  -1.0000000e+00  -5.1060206e-05
  -1.4768783e-05   5.1059730e-05  -1.0000000e+00
   1.0000000e+00   3.3003472e-05  -1.5125867e-05
   3.3002681e-05  -1.0000000e+00  -5.2300585e-05
  -1.5127593e-05   5.2300086e-05  -1.0000000e+00
   1.0000000e+00   3.3747971e-05  -1.5467058e-05
   3.3747144e-05  -1.0000000e+00  -5.3480322e-05
  -1.5468862e-05   5.3479800e-05  -1.0000000e+00
   1.0000000e+00   3.4456073e-05  -1.5791566e-05
   3.4455210e-05  -1.0000000e+00  -5.4602383e-05
  -1.5793448e-05   5.4601839e-05  -1.0000000e+00
   1.0000000e+00   3.5129555e-05  -1.6100209e-05
   3.5128659e-05  -1.0000000e+00  -5.5669586e-05
  -1.6102165e-05   5.5669020e-05  -1.0000000e+00
   1.0000000e+00   3.5770112e-05  -1.6393762e-05
   3.5769183e-05  -1.0000000e+00  -5.6684614e-05
  -1.6395789e-05   5.6684028e-05  -1.0000000e+00
   1.0000000e+00   3.6379352e-05  -1.6672962e-05
   3.6378391e-05  -1.0000000e+00  -5.7650018e-05
  -1.6675059e-05   5.7649411e-05  -1.0000000e+00
   1.0000000e+00   3.6958807e-05  -1.6938512e-05
   3.6957815e-05  -1.0000000e+00  -5.8568223e-05
  -1.6940676e-05   5.8567597e-05  -1.0000000e+00
   1.0000000e+00   3.7509932e-05  -1.7191078e-05
   3.7508910e-05  -1.0000000e+00  -5.9441538e-05
  -1.7193308e-05   5.9440893e-05  -1.0000000e+00
   1.0000000e+00   3.8034114e-05  -1.7431296e-05
   3.8033063e-05  -1.0000000e+00  -6.0272156e-05
  -1.7433589e-05   6.0271493e-05  -1.0000000e+00
   1.0000000e+00   3.8532668e-05  -1.7659770e-05
   3.8531589e-05  -1.0000000e+00  -6.1062166e-05
  -1.7662123e-05   6.1061486e-05  -1.0000000e+00
   1.0000000e+00   3.9006848e-05  -1.7877073e-05
   3.9005743e-05  -1.0000000e+00  -6.1813552e-05
  -1.7879484e-05   6.1812855e-05  -1.0000000e+00
   1.0000000e+00   3.9457846e-05  -1.8083752e-05
   3.9456715e-05  -1.0000000e+00  -6.2528204e-05
  -1.8086219e-05   6.2527490e-05  -1.0000000e+00
   1.0000000e+00   3.9886794e-05  -1.8280326e-05
   3.9885639e-05  -1.0000000e+00  -6.3207916e-05
  -1.8282847e-05   6.3207187e-05  -1.0000000e+00
   1.0000000e+00   4.0294772e-05  -1.8467289e-05
   4.0293593e-05  -1.0000000e+00  -6.3854397e-05
  -1.8469862e-05   6.3853653e-05  -1.0000000e+00
   1.0000000e+00   4.0682804e-05  -1.8645112e-05
   4.0681601e-05  -1.0000000e+00  -6.4469272e-05
  -1.8647734e-05   6.4468513e-05  -1.0000000e+00
   1.0000000e+00   4.1051865e-05  -1.8814240e-05
   4.1050640e-05  -1.0000000e+00  -6.5054086e-05
  -1.8816911e-05   6.5053313e-05  -1.0000000e+00
   1.0000000e+00   4.1470999e-05  -1.9006315e-05
   4.1469750e-05  -1.0000000e+00  -6.5718246e-05
  -1.9009041e-05   6.5717458e-05  -1.0000000e+00
   1.0000000e+00   4.1801525e-05  -1.9157784e-05
   4.1800256e-05  -1.0000000e+00  -6.6241998e-05
  -1.9160553e-05   6.6241197e-05  -1.0000000e+00
   1.0000000e+00   4.2115892e-05  -1.9301847e-05
   4.2114604e-05  -1.0000000e+00  -6.6740143e-05
  -1.9304658e-05   6.6739330e-05  -1.0000000e+00
   1.0000000e+00   4.2414890e-05  -1.9438868e-05
   4.2413583e-05  -1.0000000e+00  -6.7213935e-05
  -1.9441718e-05   6.7213110e-05  -1.0000000e+00
   1.0000000e+00   4.2699270e-05  -1.9569189e-05
   4.2697946e-05  -1.0000000e+00  -6.7664563e-05
  -1.9572078e-05   6.7663727e-05  -1.0000000e+00
   1.0000000e+00   4.2969747e-05  -1.9693138e-05
   4.2968406e-05  -1.0000000e+00  -6.8093159e-05
  -1.9696064e-05   6.8092313e-05  -1.0000000e+00
   1.0000000e+00   4.3227000e-05  -1.9811028e-05
   4.3225643e-05  -1.0000000e+00  -6.8500802e-05
  -1.9813989e-05   6.8499946e-05  -1.0000000e+00
   1.0000000e+00   4.3471676e-05  -1.9923153e-05
   4.3470303e-05  -1.0000000e+00  -6.8888515e-05
  -1.9926148e-05   6.8887649e-05  -1.0000000e+00
   1.0000000e+00   4.3704390e-05  -2.0029797e-05
   4.3703002e-05  -1.0000000e+00  -6.9257273e-05
  -2.0032824e-05   6.9256398e-05  -1.0000000e+00
   1.0000000e+00   4.3925726e-05  -2.0131227e-05
   4.3924325e-05  -1.0000000e+00  -6.9608003e-05
  -2.0134285e-05   6.9607118e-05  -1.0000000e+00
   1.0000000e+00   4.4136242e-05  -2.0227698e-05
   4.4134827e-05  -1.0000000e+00  -6.9941585e-05
  -2.0230785e-05   6.9940692e-05  -1.0000000e+00
   1.0000000e+00   4.4336465e-05  -2.0319453e-05
   4.4335038e-05  -1.0000000e+00  -7.0258859e-05
  -2.0322568e-05   7.0257958e-05  -1.0000000e+00
   1.0000000e+00   4.4489573e-05  -2.0389616e-05
   4.4488135e-05  -1.0000000e+00  -7.0501472e-05
  -2.0392753e-05   7.0500565e-05  -1.0000000e+00
   1.0000000e+00   4.4672522e-05  -2.0473454e-05
   4.4671073e-05  -1.0000000e+00  -7.0791373e-05
  -2.0476617e-05   7.0790459e-05  -1.0000000e+00
   1.0000000e+00   4.4846527e-05  -2.0553194e-05
   4.4845066e-05  -1.0000000e+00  -7.1067101e-05
  -2.0556381e-05   7.1066179e-05  -1.0000000e+00
   1.0000000e+00   4.5012025e-05  -2.0629035e-05
   4.5010553e-05  -1.0000000e+00  -7.1329348e-05
  -2.0632245e-05   7.1328419e-05  -1.0000000e+00
   1.0000000e+00   4.5169431e-05  -2.0701168e-05
   4.5167950e-05  -1.0000000e+00  -7.1578774e-05
  -2.0704401e-05   7.1577839e-05  -1.0000000e+00
   1.0000000e+00   4.5319142e-05  -2.0769774e-05
   4.5317651e-05  -1.0000000e+00  -7.1816006e-05
  -2.0773029e-05   7.1815065e-05  -1.0000000e+00
   1.0000000e+00   4.5461534e-05  -2.0835026e-05
   4.5460033e-05  -1.0000000e+00  -7.2041639e-05
  -2.0838301e-05   7.2040692e-05  -1.0000000e+00
   1.0000000e+00   4.5596965e-05  -2.0897088e-05
   4.5595454e-05  -1.0000000e+00  -7.2256242e-05
  -2.0900383e-05   7.2255289e-05  -1.0000000e+00
   1.0000000e+00   4.5725774e-05  -2.0956116e-05
   4.5724255e-05  -1.0000000e+00  -7.2460352e-05
  -2.0959429e-05   7.2459394e-05  -1.0000000e+00
   1.0000000e+00   4.5812174e-05  -2.0995710e-05
   4.5810650e-05  -1.0000000e+00  -7.2597262e-05
  -2.0999036e-05   7.2596300e-05  -1.0000000e+00
   1.0000000e+00   4.5953416e-05  -2.1060435e-05
   4.5951882e-05  -1.0000000e+00  -7.2821074e-05
  -2.1063781e-05   7.2820106e-05  -1.0000000e+00
   1.0000000e+00   4.6064798e-05  -2.1111477e-05
   4.6063257e-05  -1.0000000e+00  -7.2997570e-05
  -2.1114839e-05   7.2996597e-05  -1.0000000e+00
   1.0000000e+00   4.6170735e-05  -2.1160023e-05
   4.6169187e-05  -1.0000000e+00  -7.3165437e-05
  -2.1163401e-05   7.3164460e-05  -1.0000000e+00
   1.0000000e+00   4.6271493e-05  -2.1206196e-05
   4.6269938e-05  -1.0000000e+00  -7.3325097e-05
  -2.1209589e-05   7.3324115e-05  -1.0000000e+00
   1.0000000e+00   4.6367324e-05  -2.1250111e-05
   4.6365763e-05  -1.0000000e+00  -7.3476951e-05
  -2.1253518e-05   7.3475965e-05  -1.0000000e+00
   1.0000000e+00   4.6458471e-05  -2.1291880e-05
   4.6456903e-05  -1.0000000e+00  -7.3621381e-05
  -2.1295300e-05   7.3620392e-05  -1.0000000e+00
   1.0000000e+00   4.6545161e-05  -2.1331606e-05
   4.6543587e-05  -1.0000000e+00  -7.3758750e-05
  -2.1335039e-05   7.3757757e-05  -1.0000000e+00
   1.0000000e+00   4.6627613e-05  -2.1369390e-05
   4.6626034e-05  -1.0000000e+00  -7.3889403e-05
  -2.1372835e-05   7.3888407e-05  -1.0000000e+00
   1.0000000e+00   4.6706034e-05  -2.1405327e-05
   4.6704449e-05  -1.0000000e+00  -7.4013668e-05
  -2.1408784e-05   7.4012669e-05  -1.0000000e+00
   1.0000000e+00   4.6780621e-05  -2.1439507e-05
   4.6779031e-05  -1.0000000e+00  -7.4131859e-05
  -2.1442975e-05   7.4130856e-05  -1.0000000e+00
   1.0000000e+00   4.6851561e-05  -2.1472016e-05
   4.6849967e-05  -1.0000000e+00  -7.4244270e-05
  -2.1475494e-05   7.4243264e-05  -1.0000000e+00
   1.0000000e+00   4.6919033e-05  -2.1502935e-05
   4.6917434e-05  -1.0000000e+00  -7.4351186e-05
  -2.1506424e-05   7.4350177e-05  -1.0000000e+00
   1.0000000e+00   4.6976933e-05  -2.1529468e-05
   4.6975330e-05  -1.0000000e+00  -7.4442934e-05
  -2.1532965e-05   7.4441923e-05  -1.0000000e+00
   1.0000000e+00   4.7038276e-05  -2.1557579e-05
   4.7036669e-05  -1.0000000e+00  -7.4540138e-05
  -2.1561085e-05   7.4539123e-05  -1.0000000e+00
   1.0000000e+00   4.7096620e-05  -2.1584315e-05
   4.7095009e-05  -1.0000000e+00  -7.4632589e-05
  -2.1587830e-05   7.4631572e-05  -1.0000000e+00
   1.0000000e+00   4.7152111e-05  -2.1609744e-05
   4.7150496e-05  -1.0000000e+00  -7.4720520e-05
  -2.1613267e-05   7.4719501e-05  -1.0000000e+00
   1.0000000e+00   4.7204889e-05  -2.1633930e-05
   4.7203271e-05  -1.0000000e+00  -7.4804152e-05
  -2.1637461e-05   7.4803131e-05  -1.0000000e+00
   1.0000000e+00   4.7255087e-05  -2.1656934e-05
   4.7253465e-05  -1.0000000e+00  -7.4883696e-05
  -2.1660472e-05   7.4882672e-05  -1.0000000e+00
   1.0000000e+00   4.7302831e-05  -2.1678812e-05
   4.7301206e-05  -1.0000000e+00  -7.4959350e-05
  -2.1682358e-05   7.4958325e-05  -1.0000000e+00
   1.0000000e+00   4.7343801e-05  -2.1697587e-05
   4.7342173e-05  -1.0000000e+00  -7.5024272e-05
  -2.1701139e-05   7.5023244e-05  -1.0000000e+00
   1.0000000e+00   4.7387208e-05  -2.1717479e-05
   4.7385577e-05  -1.0000000e+00  -7.5093054e-05
  -2.1721037e-05   7.5092024e-05  -1.0000000e+00
   1.0000000e+00   4.7428492e-05  -2.1736397e-05
   4.7426859e-05  -1.0000000e+00  -7.5158473e-05
  -2.1739962e-05   7.5157442e-05  -1.0000000e+00
   1.0000000e+00   4.7471578e-05  -2.1756142e-05
   4.7469941e-05  -1.0000000e+00  -7.5226746e-05
  -2.1759713e-05   7.5225713e-05  -1.0000000e+00
   1.0000000e+00   4.7502765e-05  -2.1770668e-05
   4.7501304e-05  -1.0000000e+00  -6.7110784e-05
  -2.1773856e-05   6.7109750e-05  -1.0000000e+00
   1.0000000e+00   4.7516989e-05  -2.1779670e-05
   4.7517408e-05  -1.0000000e+00   1.9245816e-05
  -2.1778755e-05  -1.9246851e-05  -1.0000000e+00
   1.0000000e+00   4.7507886e-05  -2.1779453e-05
   4.7511302e-05  -9.9999999e-01   1.5687252e-04
  -2.1772000e-05  -1.5687356e-04  -9.9999999e-01
   1.0000000e+00   4.7476950e-05  -2.1771596e-05
   4.7485155e-05  -9.9999993e-01   3.7702877e-04
  -2.1753694e-05  -3.7702980e-04  -9.9999993e-01
   1.0000000e+00   4.7424896e-05  -2.1756003e-05
   4.7439363e-05  -9.9999978e-01   6.6544893e-04
  -2.1724440e-05  -6.6544996e-04  -9.9999978e-01
   1.0000000e+00   4.7352548e-05  -2.1732963e-05
   4.7374681e-05  -9.9999948e-01   1.0195451e-03
  -2.1684674e-05  -1.0195462e-03  -9.9999948e-01
   1.0000000e+00   4.7251970e-05  -2.1699879e-05
   4.7283962e-05  -9.9999891e-01   1.4766996e-03
  -2.1630078e-05  -1.4767006e-03  -9.9999891e-01
   1.0000000e+00   4.7141749e-05  -2.1662858e-05
   4.7183968e-05  -9.9999809e-01   1.9530254e-03
  -2.1570748e-05  -1.9530264e-03  -9.9999809e-01
   1.0000000e+00   4.7027994e-05  -2.1624136e-05
   4.7080376e-05  -9.9999705e-01   2.4288063e-03
  -2.1509850e-05  -2.4288073e-03  -9.9999705e-01
   1.0000000e+00   4.6885535e-05  -2.1575128e-05
   4.6950255e-05  -9.9999547e-01   3.0096171e-03
  -2.1433923e-05  -3.0096181e-03  -9.9999547e-01
   1.0000000e+00   4.6728379e-05  -2.1520599e-05
   4.6806358e-05  -9.9999338e-01   3.6378306e-03
  -2.1350467e-05  -3.6378316e-03  -9.9999338e-01
   1.0000000e+00   4.6556560e-05  -2.1460538e-05
   4.6648698e-05  -9.9999070e-01   4.3135630e-03
  -2.1259513e-05  -4.3135640e-03  -9.9999070e-01
   1.0000000e+00   4.6370798e-05  -2.1395180e-05
   4.6477925e-05  -9.9998733e-01   5.0345159e-03
  -2.1161455e-05  -5.0345169e-03  -9.9998733e-01
   1.0000000e+00   4.6171591e-05  -2.1324682e-05
   4.6294480e-05  -9.9998318e-01   5.7991604e-03
  -2.1056567e-05  -5.7991614e-03  -9.9998318e-01
   1.0000000e+00   4.5937094e-05  -2.1241221e-05
   4.6078179e-05  -9.9997762e-01   6.6904228e-03
  -2.0933407e-05  -6.6904237e-03  -9.9997762e-01
   1.0000000e+00   4.5686917e-05  -2.1151682e-05
   4.5847037e-05  -9.9997087e-01   7.6330077e-03
  -2.0802337e-05  -7.6330086e-03  -9.9997087e-01
   1.0000000e+00   4.5447805e-05  -2.1065680e-05
   4.5625798e-05  -9.9996364e-01   8.5279046e-03
  -2.0677340e-05  -8.5279055e-03  -9.9996364e-01
   1.0000000e+00   4.5248176e-05  -2.0993582e-05
   4.5440866e-05  -9.9995702e-01   9.2711643e-03
  -2.0573177e-05  -9.2711652e-03  -9.9995702e-01
   1.0000000e+00   4.4988430e-05  -2.0899372e-05
   4.5199939e-05  -9.9994764e-01   1.0233078e-02
  -2.0437907e-05  -1.0233079e-02  -9.9994764e-01
   1.0000000e+00   4.4718911e-05  -2.0801214e-05
   4.4949642e-05  -9.9993697e-01   1.1227727e-02
  -2.0297811e-05  -1.1227728e-02  -9.9993697e-01
   1.0000000e+00   4.4440552e-05  -2.0699405e-05
   4.4690810e-05  -9.9992495e-01   1.2251227e-02
  -2.0153401e-05  -1.2251228e-02  -9.9992495e-01
   1.0000000e+00   4.4153367e-05  -2.0593926e-05
   4.4423435e-05  -9.9991150e-01   1.3303678e-02
  -2.0004701e-05  -1.3303679e-02  -9.9991150e-01
   1.0000000e+00   4.3859136e-05  -2.0485412e-05
   4.4149162e-05  -9.9989662e-01   1.4378990e-02
  -1.9852645e-05  -1.4378991e-02  -9.9989662e-01
   1.0000000e+00   4.3556658e-05  -2.0373393e-05
   4.3866849e-05  -9.9988015e-01   1.5481510e-02
  -1.9696629e-05  -1.5481511e-02  -9.9988015e-01
   1.0000000e+00   4.3277511e-05  -2.0269607e-05
   4.3606004e-05  -9.9986392e-01   1.6496681e-02
  -1.9552913e-05  -1.6496682e-02  -9.9986392e-01
   1.0000000e+00   4.2928659e-05  -2.0139368e-05
   4.3279616e-05  -9.9984223e-01   1.7762754e-02
  -1.9373660e-05  -1.7762755e-02  -9.9984223e-01
   1.0000000e+00   4.2604561e-05  -2.0017849e-05
   4.2975994e-05  -9.9982068e-01   1.8936730e-02
  -1.9207468e-05  -1.8936731e-02  -9.9982068e-01
   1.0000000e+00   4.2274187e-05  -1.9893465e-05
   4.2666105e-05  -9.9979734e-01   2.0131503e-02
  -1.9038391e-05  -2.0131503e-02  -9.9979734e-01
   1.0000000e+00   4.1937874e-05  -1.9766324e-05
   4.2350250e-05  -9.9977215e-01   2.1345997e-02
  -1.8866614e-05  -2.1345998e-02  -9.9977215e-01
   1.0000000e+00   4.1595917e-05  -1.9636516e-05
   4.2028691e-05  -9.9974505e-01   2.2579282e-02
  -1.8692304e-05  -2.2579282e-02  -9.9974506e-01
   1.0000000e+00   4.1248594e-05  -1.9504126e-05
   4.1701673e-05  -9.9971601e-01   2.3830478e-02
  -1.8515614e-05  -2.3830479e-02  -9.9971601e-01
   1.0000000e+00   4.0896200e-05  -1.9369248e-05
   4.1369459e-05  -9.9968498e-01   2.5098653e-02
  -1.8336706e-05  -2.5098654e-02  -9.9968498e-01
   1.0000000e+00   4.0538985e-05  -1.9231957e-05
   4.1032271e-05  -9.9965191e-01   2.6383012e-02
  -1.8155722e-05  -2.6383013e-02  -9.9965191e-01
   1.0000000e+00   4.0177207e-05  -1.9092335e-05
   4.0690338e-05  -9.9961676e-01   2.7682739e-02
  -1.7972803e-05  -2.7682740e-02  -9.9961676e-01
   1.0000000e+00   3.9811111e-05  -1.8950458e-05
   4.0343877e-05  -9.9957950e-01   2.8997059e-02
  -1.7788084e-05  -2.8997059e-02  -9.9957950e-01
   1.0000000e+00   3.9440922e-05  -1.8806396e-05
   3.9993091e-05  -9.9954008e-01   3.0325250e-02
  -1.7601691e-05  -3.0325251e-02  -9.9954008e-01
   1.0000000e+00   3.9066851e-05  -1.8660215e-05
   3.9638165e-05  -9.9949848e-01   3.1666654e-02
  -1.7413740e-05  -3.1666655e-02  -9.9949849e-01
   1.0000000e+00   3.8689106e-05  -1.8511981e-05
   3.9279285e-05  -9.9945467e-01   3.3020608e-02
  -1.7224348e-05  -3.3020608e-02  -9.9945467e-01
   1.0000000e+00   3.8307897e-05  -1.8361759e-05
   3.8916637e-05  -9.9940861e-01   3.4386442e-02
  -1.7033627e-05  -3.4386442e-02  -9.9940861e-01
   1.0000000e+00   3.7922727e-05  -1.8209337e-05
   3.8549738e-05  -9.9936019e-01   3.5765976e-02
  -1.6841343e-05  -3.5765977e-02  -9.9936019e-01
   1.0000000e+00   3.7535148e-05  -1.8055316e-05
   3.8180055e-05  -9.9930956e-01   3.7153795e-02
  -1.6648277e-05  -3.7153796e-02  -9.9930956e-01
   1.0000000e+00   3.7144605e-05  -1.7899464e-05
   3.7807050e-05  -9.9925660e-01   3.8551918e-02
  -1.6454162e-05  -3.8551918e-02  -9.9925660e-01
   1.0000000e+00   3.6751275e-05  -1.7741837e-05
   3.7430881e-05  -9.9920129e-01   3.9959777e-02
  -1.6259094e-05  -3.9959778e-02  -9.9920129e-01
   1.0000000e+00   3.6355314e-05  -1.7582485e-05
   3.7051688e-05  -9.9914361e-01   4.1376876e-02
  -1.6063159e-05  -4.1376877e-02  -9.9914361e-01
   1.0000000e+00   3.5957070e-05  -1.7421537e-05
   3.6669795e-05  -9.9908357e-01   4.2802039e-02
  -1.5866536e-05  -4.2802039e-02  -9.9908357e-01
   1.0000000e+00   3.5556240e-05  -1.7258858e-05
   3.6284903e-05  -9.9902109e-01   4.4236383e-02
  -1.5669084e-05  -4.4236384e-02  -9.9902109e-01
   1.0000000e+00   3.5193601e-05  -1.7111087e-05
   3.5936235e-05  -9.9896279e-01   4.5534053e-02
  -1.5490832e-05  -4.5534053e-02  -9.9896279e-01
   1.0000000e+00   3.4788657e-05  -1.6945413e-05
   3.5546388e-05  -9.9889568e-01   4.6983148e-02
  -1.5292219e-05  -4.6983149e-02  -9.9889568e-01
   1.0000000e+00   3.4381747e-05  -1.6778228e-05
   3.5154114e-05  -9.9882612e-01   4.8439361e-02
  -1.5093103e-05  -4.8439361e-02  -9.9882613e-01
   1.0000000e+00   3.3971182e-05  -1.6608823e-05
   3.4757772e-05  -9.9875378e-01   4.9908733e-02
  -1.4892666e-05  -4.9908734e-02  -9.9875378e-01
   1.0000000e+00   3.3558531e-05  -1.6437832e-05
   3.4358866e-05  -9.9867888e-01   5.1385740e-02
  -1.4691686e-05  -5.1385741e-02  -9.9867888e-01
   1.0000000e+00   3.3144308e-05  -1.6265458e-05
   3.3957886e-05  -9.9860148e-01   5.2868596e-02
  -1.4490417e-05  -5.2868596e-02  -9.9860148e-01
   1.0000000e+00   3.2770258e-05  -1.6109171e-05
   3.3595318e-05  -9.9852967e-01   5.4207859e-02
  -1.4309079e-05  -5.4207860e-02  -9.9852967e-01
   1.0000000e+00   3.2353337e-05  -1.5934266e-05
   3.3190661e-05  -9.9844750e-01   5.5700896e-02
  -1.4107419e-05  -5.5700896e-02  -9.9844750e-01
   1.0000000e+00   3.1935105e-05  -1.5758065e-05
   3.2784166e-05  -9.9836280e-01   5.7198952e-02
  -1.3905611e-05  -5.7198953e-02  -9.9836280e-01
   1.0000000e+00   3.1515648e-05  -1.5580595e-05
   3.2375909e-05  -9.9827556e-01   5.8701757e-02
  -1.3703704e-05  -5.8701757e-02  -9.9827556e-01
   1.0000000e+00   3.1052934e-05  -1.5383950e-05
   3.1924889e-05  -9.9817667e-01   6.0359984e-02
  -1.3481545e-05  -6.0359984e-02  -9.9817667e-01
   1.0000000e+00   3.0630710e-05  -1.5203710e-05
   3.1512729e-05  -9.9808400e-01   6.1873536e-02
  -1.3279350e-05  -6.1873536e-02  -9.9808400e-01
   1.0000000e+00   3.0250284e-05  -1.5040658e-05
   3.1140873e-05  -9.9799850e-01   6.3237646e-02
  -1.3097598e-05  -6.3237646e-02  -9.9799850e-01
   1.0000000e+00   2.9826695e-05  -1.4858375e-05
   3.0726274e-05  -9.9790106e-01   6.4756968e-02
  -1.2895702e-05  -6.4756969e-02  -9.9790106e-01
   1.0000000e+00   2.9359079e-05  -1.4656250e-05
   3.0267903e-05  -9.9779077e-01   6.6434764e-02
  -1.2673407e-05  -6.6434764e-02  -9.9779077e-01
   1.0000000e+00   2.8976105e-05  -1.4490009e-05
   2.9891968e-05  -9.9769830e-01   6.7809341e-02
  -1.2491807e-05  -6.7809342e-02  -9.9769830e-01
   1.0000000e+00   2.8550099e-05  -1.4304347e-05
   2.9473231e-05  -9.9759316e-01   6.9338883e-02
  -1.2290287e-05  -6.9338883e-02  -9.9759316e-01
   1.0000000e+00   2.8123390e-05  -1.4117593e-05
   2.9053208e-05  -9.9748545e-01   7.0871505e-02
  -1.2088946e-05  -7.0871505e-02  -9.9748545e-01
   1.0000000e+00   2.7696034e-05  -1.3929766e-05
   2.8631949e-05  -9.9737517e-01   7.2407030e-02
  -1.1887815e-05  -7.2407031e-02  -9.9737517e-01
   1.0000000e+00   2.7268059e-05  -1.3740876e-05
   2.8209481e-05  -9.9726229e-01   7.3945375e-02
  -1.1686910e-05  -7.3945375e-02  -9.9726229e-01
   1.0000000e+00   2.6839515e-05  -1.3550939e-05
   2.7785849e-05  -9.9714683e-01   7.5486376e-02
  -1.1486258e-05  -7.5486376e-02  -9.9714683e-01
   1.0000000e+00   2.6409400e-05  -1.3359503e-05
   2.7360055e-05  -9.9702849e-01   7.7033647e-02
  -1.1285393e-05  -7.7033648e-02  -9.9702849e-01
   1.0000000e+00   2.5979727e-05  -1.3167462e-05
   2.6934092e-05  -9.9690781e-01   7.8579987e-02
  -1.1085259e-05  -7.8579987e-02  -9.9690781e-01
   1.0000000e+00   2.5548780e-05  -1.2974043e-05
   2.6506253e-05  -9.9678430e-01   8.0131568e-02
  -1.0885059e-05  -8.0131569e-02  -9.9678430e-01
   1.0000000e+00   2.5118333e-05  -1.2780040e-05
   2.6078298e-05  -9.9665844e-01   8.1682042e-02
  -1.0685618e-05  -8.1682042e-02  -9.9665844e-01
   1.0000000e+00   2.4687292e-05  -1.2584958e-05
   2.5649139e-05  -9.9652992e-01   8.3235338e-02
  -1.0486432e-05  -8.3235338e-02  -9.9652992e-01
   1.0000000e+00   2.4255732e-05  -1.2388827e-05
   2.5218845e-05  -9.9639874e-01   8.4791210e-02
  -1.0287539e-05  -8.4791211e-02  -9.9639874e-01
   1.0000000e+00   2.3823262e-05  -1.2191463e-05
   2.4787023e-05  -9.9626477e-01   8.6351077e-02
  -1.0088760e-05  -8.6351077e-02  -9.9626477e-01
   1.0000000e+00   2.3390163e-05  -1.1992987e-05
   2.4353949e-05  -9.9612807e-01   8.7913943e-02
  -9.8902300e-06  -8.7913943e-02  -9.9612807e-01
   1.0000000e+00   2.2956486e-05  -1.1793421e-05
   2.3919671e-05  -9.9598865e-01   8.9479635e-02
  -9.6919753e-06  -8.9479635e-02  -9.9598865e-01
   1.0000000e+00   2.2522694e-05  -1.1592971e-05
   2.3484648e-05  -9.9584664e-01   9.1046507e-02
  -9.4942088e-06  -9.1046507e-02  -9.9584664e-01
   1.0000000e+00   2.2131774e-05  -1.1411620e-05
   2.3092081e-05  -9.9571648e-01   9.2459175e-02
  -9.3164529e-06  -9.2459175e-02  -9.9571648e-01
   1.0000000e+00   2.1695693e-05  -1.1208521e-05
   2.2653557e-05  -9.9556882e-01   9.4035769e-02
  -9.1186827e-06  -9.4035769e-02  -9.9556882e-01
   1.0000000e+00   2.1260326e-05  -1.1004913e-05
   2.2215115e-05  -9.9541881e-01   9.5610583e-02
  -8.9217854e-06  -9.5610583e-02  -9.9541881e-01
   1.0000000e+00   2.0824374e-05  -1.0800188e-05
   2.1775444e-05  -9.9526601e-01   9.7188311e-02
  -8.7251744e-06  -9.7188311e-02  -9.9526601e-01
   1.0000000e+00   2.0170617e-05  -1.0491595e-05
   2.1114909e-05  -9.9503198e-01   9.9555813e-02
  -8.4313701e-06  -9.9555813e-02  -9.9503198e-01
   1.0000000e+00   1.9691339e-05  -1.0264149e-05
   2.0629743e-05  -9.9485667e-01   1.0129264e-01
  -8.2167691e-06  -1.0129264e-01  -9.9485667e-01
   1.0000000e+00   1.9255769e-05  -1.0056553e-05
   2.0188147e-05  -9.9469461e-01   1.0287195e-01
  -8.0223209e-06  -1.0287195e-01  -9.9469461e-01
   1.0000000e+00   1.8820117e-05  -9.8480680e-06
   1.9745823e-05  -9.9452989e-01   1.0445239e-01
  -7.8283918e-06  -1.0445239e-01  -9.9452989e-01
   1.0000000e+00   1.8384839e-05  -9.6389096e-06
   1.9303234e-05  -9.9436268e-01   1.0603233e-01
  -7.6351848e-06  -1.0603233e-01  -9.9436268e-01
   1.0000000e+00   1.7993445e-05  -9.4501101e-06
   1.8904714e-05  -9.9421009e-01   1.0745370e-01
  -7.4619325e-06  -1.0745370e-01  -9.9421009e-01
   1.0000000e+00   1.7558034e-05  -9.2392652e-06
   1.8460760e-05  -9.9403783e-01   1.0903574e-01
  -7.2697259e-06  -1.0903574e-01  -9.9403783e-01
   1.0000000e+00   1.7079772e-05  -9.0066820e-06
   1.7972366e-05  -9.9384557e-01   1.1077447e-01
  -7.0592483e-06  -1.1077447e-01  -9.9384557e-01
   1.0000000e+00   1.6347010e-05  -8.6483214e-06
   1.7222556e-05  -9.9354479e-01   1.1344054e-01
  -6.7380810e-06  -1.1344054e-01  -9.9354479e-01
   1.0000000e+00   1.5912461e-05  -8.4346498e-06
   1.6777024e-05  -9.9336286e-01   1.1502273e-01
  -6.5483731e-06  -1.1502273e-01  -9.9336286e-01
   1.0000000e+00   1.5521581e-05  -8.2417148e-06
   1.6375707e-05  -9.9319694e-01   1.1644668e-01
  -6.3782093e-06  -1.1644668e-01  -9.9319694e-01
   1.0000000e+00   1.5087479e-05  -8.0266276e-06
   1.5929394e-05  -9.9301016e-01   1.1802893e-01
  -6.1897637e-06  -1.1802893e-01  -9.9301016e-01
   1.0000000e+00   1.4653390e-05  -7.8106840e-06
   1.5482441e-05  -9.9282071e-01   1.1961202e-01
  -6.0018873e-06  -1.1961202e-01  -9.9282071e-01
   1.0000000e+00   1.4176426e-05  -7.5724140e-06
   1.4990586e-05  -9.9260947e-01   1.2135251e-01
  -5.7961050e-06  -1.2135251e-01  -9.9260947e-01
   1.0000000e+00   1.3786422e-05  -7.3768074e-06
   1.4587817e-05  -9.9243435e-01   1.2277648e-01
  -5.6283488e-06  -1.2277648e-01  -9.9243435e-01
   1.0000000e+00   1.3353310e-05  -7.1587582e-06
   1.4139906e-05  -9.9223733e-01   1.2435870e-01
  -5.4425868e-06  -1.2435870e-01  -9.9223733e-01
   1.0000000e+00   1.2920242e-05  -6.9398642e-06
   1.3691384e-05  -9.9203765e-01   1.2594167e-01
  -5.2574097e-06  -1.2594167e-01  -9.9203765e-01
   1.0000000e+00   1.2572214e-05  -6.7633238e-06
   1.3330460e-05  -9.9187524e-01   1.2721444e-01
  -5.1090063e-06  -1.2721444e-01  -9.9187524e-01
   1.0000000e+00   1.2135705e-05  -6.5411055e-06
   1.2877174e-05  -9.9166908e-01   1.2881161e-01
  -4.9233923e-06  -1.2881161e-01  -9.9166908e-01
   1.0000000e+00   1.1699681e-05  -6.3182492e-06
   1.2423721e-05  -9.9146042e-01   1.3040795e-01
  -4.7385626e-06  -1.3040795e-01  -9.9146042e-01
   1.0000000e+00   1.1264150e-05  -6.0947591e-06
   1.1970109e-05  -9.9124926e-01   1.3200342e-01
  -4.5545192e-06  -1.3200342e-01  -9.9124926e-01
   1.0000000e+00   1.0829068e-05  -5.8706143e-06
   1.1516295e-05  -9.9103558e-01   1.3359819e-01
  -4.3712439e-06  -1.3359819e-01  -9.9103558e-01
   1.0000000e+00   1.0394480e-05  -5.6458387e-06
   1.1062326e-05  -9.9081941e-01   1.3519208e-01
  -4.1887552e-06  -1.3519208e-01  -9.9081941e-01
   1.0000000e+00   9.9603353e-06  -5.4204059e-06
   1.0608147e-05  -9.9060072e-01   1.3678530e-01
  -4.0070305e-06  -1.3678530e-01  -9.9060072e-01
   1.0000000e+00   9.6569209e-06  -5.2623289e-06
   1.0290333e-05  -9.9044625e-01   1.3789933e-01
  -3.8803710e-06  -1.3789933e-01  -9.9044625e-01
   1.0000000e+00   9.0946570e-06  -4.9682444e-06
   9.7005136e-06  -9.9015645e-01   1.3996500e-01
  -3.6464056e-06  -1.3996500e-01  -9.9015645e-01
   1.0000000e+00   8.6618358e-06  -4.7408439e-06
   9.2457089e-06  -9.8993022e-01   1.4155620e-01
  -3.4669682e-06  -1.4155620e-01  -9.8993022e-01
   1.0000000e+00   8.2350731e-06  -4.5157565e-06
   8.7966112e-06  -9.8970446e-01   1.4312611e-01
  -3.2906104e-06  -1.4312611e-01  -9.8970446e-01
   1.0000000e+00   7.8287858e-06  -4.3006644e-06
   8.3684514e-06  -9.8948701e-01   1.4462175e-01
  -3.1232389e-06  -1.4462175e-01  -9.8948701e-01
   1.0000000e+00   7.4427048e-06  -4.0955411e-06
   7.9610339e-06  -9.8927810e-01   1.4604396e-01
  -2.9646670e-06  -1.4604396e-01  -9.8927810e-01
   1.0000000e+00   7.0758107e-06  -3.8999521e-06
   7.5733639e-06  -9.8907751e-01   1.4739635e-01
  -2.8144062e-06  -1.4739635e-01  -9.8907751e-01
   1.0000000e+00   6.7271366e-06  -3.7134791e-06
   7.2044934e-06  -9.8888500e-01   1.4868238e-01
  -2.6719971e-06  -1.4868238e-01  -9.8888500e-01
   1.0000000e+00   6.3957655e-06  -3.5357194e-06
   6.8535187e-06  -9.8870036e-01   1.4990529e-01
  -2.5370079e-06  -1.4990529e-01  -9.8870036e-01
   1.0000000e+00   6.0808278e-06  -3.3662859e-06
   6.5195790e-06  -9.8852334e-01   1.5106821e-01
  -2.4090324e-06  -1.5106821e-01  -9.8852334e-01
   1.0000000e+00   5.7814983e-06  -3.2048067e-06
   6.2018538e-06  -9.8835371e-01   1.5217408e-01
  -2.2876884e-06  -1.5217408e-01  -9.8835371e-01
   1.0000000e+00   5.4969945e-06  -3.0509247e-06
   5.8995617e-06  -9.8819122e-01   1.5322570e-01
  -2.1726162e-06  -1.5322570e-01  -9.8819122e-01
   1.0000000e+00   5.2265735e-06  -2.9042971e-06
   5.6119583e-06  -9.8803564e-01   1.5422575e-01
  -2.0634768e-06  -1.5422575e-01  -9.8803564e-01
   1.0000000e+00   4.9695308e-06  -2.7645951e-06
   5.3383344e-06  -9.8788672e-01   1.5517676e-01
  -1.9599511e-06  -1.5517676e-01  -9.8788672e-01
   1.0000000e+00   4.7251976e-06  -2.6315035e-06
   5.0780148e-06  -9.8774424e-01   1.5608115e-01
  -1.8617381e-06  -1.5608115e-01  -9.8774424e-01
   1.0000000e+00   4.4929391e-06  -2.5047202e-06
   4.8303562e-06  -9.8760795e-01   1.5694119e-01
  -1.7685544e-06  -1.5694119e-01  -9.8760795e-01
   1.0000000e+00   4.2721530e-06  -2.3839560e-06
   4.5947462e-06  -9.8747763e-01   1.5775908e-01
  -1.6801323e-06  -1.5775908e-01  -9.8747763e-01
   1.0000000e+00   4.0622673e-06  -2.2689338e-06
   4.3706017e-06  -9.8735306e-01   1.5853688e-01
  -1.5962195e-06  -1.5853688e-01  -9.8735306e-01
   1.0000000e+00   3.8433360e-06  -2.1487252e-06
   4.1366235e-06  -9.8722239e-01   1.5934851e-01
  -1.5088398e-06  -1.5934851e-01  -9.8722239e-01
   1.0000000e+00   3.6546070e-06  -2.0449118e-06
   3.9347809e-06  -9.8710916e-01   1.6004842e-01
  -1.4336371e-06  -1.6004842e-01  -9.8710916e-01
   1.0000000e+00   3.4751832e-06  -1.9460553e-06
   3.7427677e-06  -9.8700101e-01   1.6071404e-01
  -1.3622478e-06  -1.6071404e-01  -9.8700101e-01
   1.0000000e+00   3.3046023e-06  -1.8519246e-06
   3.5601071e-06  -9.8689773e-01   1.6134705e-01
  -1.2944724e-06  -1.6134705e-01  -9.8689773e-01
   1.0000000e+00   3.1424253e-06  -1.7622991e-06
   3.3863452e-06  -9.8679912e-01   1.6194905e-01
  -1.2301224e-06  -1.6194905e-01  -9.8679912e-01
   1.0000000e+00   2.9882354e-06  -1.6769678e-06
   3.2210502e-06  -9.8670499e-01   1.6252156e-01
  -1.1690198e-06  -1.6252156e-01  -9.8670499e-01
   1.0000000e+00   2.7990804e-06  -1.5721265e-06
   3.0181509e-06  -9.8658902e-01   1.6322411e-01
  -1.0941654e-06  -1.6322411e-01  -9.8658902e-01
   1.0000000e+00   2.6219361e-06  -1.4737827e-06
   2.8280141e-06  -9.8647990e-01   1.6388227e-01
  -1.0241682e-06  -1.6388227e-01  -9.8647990e-01
   1.0000000e+00   2.4437185e-06  -1.3746870e-06
   2.6366071e-06  -9.8636964e-01   1.6454462e-01
  -9.5384877e-07  -1.6454462e-01  -9.8636964e-01
   1.0000000e+00   2.2891251e-06  -1.2886003e-06
   2.4704765e-06  -9.8627359e-01   1.6511935e-01
  -8.9293360e-07  -1.6511935e-01  -9.8627359e-01
   1.0000000e+00   2.1659991e-06  -1.2199520e-06
   2.3380977e-06  -9.8619683e-01   1.6557720e-01
  -8.4447277e-07  -1.6557720e-01  -9.8619683e-01
   1.0000000e+00   2.0495119e-06  -1.1549363e-06
   2.2128044e-06  -9.8612399e-01   1.6601046e-01
  -7.9866996e-07  -1.6601046e-01  -9.8612399e-01
   1.0000000e+00   1.9490725e-06  -1.0988235e-06
   2.1047311e-06  -9.8606102e-01   1.6638410e-01
  -7.5921230e-07  -1.6638410e-01  -9.8606102e-01
   1.0000000e+00   1.8817148e-06  -1.0611646e-06
   2.0322329e-06  -9.8601870e-01   1.6663471e-01
  -7.3276909e-07  -1.6663471e-01  -9.8601870e-01
   1.0000000e+00   1.7805492e-06  -1.0045618e-06
   1.9233144e-06  -9.8595500e-01   1.6701117e-01
  -6.9308111e-07  -1.6701117e-01  -9.8595500e-01
   1.0000000e+00   1.6933175e-06  -9.5571445e-07
   1.8293669e-06  -9.8589995e-01   1.6733583e-01
  -6.5888614e-07  -1.6733583e-01  -9.8589995e-01
   1.0000000e+00   1.6103678e-06  -9.0922988e-07
   1.7400046e-06  -9.8584750e-01   1.6764460e-01
  -6.2639253e-07  -1.6764460e-01  -9.8584750e-01
   1.0000000e+00   1.5314891e-06  -8.6499498e-07
   1.6550039e-06  -9.8579751e-01   1.6793826e-01
  -5.9551429e-07  -1.6793826e-01  -9.8579751e-01
   1.0000000e+00   1.4638129e-06  -8.2701784e-07
   1.5820566e-06  -9.8575455e-01   1.6819025e-01
  -5.6903755e-07  -1.6819025e-01  -9.8575455e-01
   1.0000000e+00   1.3921248e-06  -7.8676454e-07
   1.5047660e-06  -9.8570897e-01   1.6845721e-01
  -5.4100740e-07  -1.6845721e-01  -9.8570897e-01
   1.0000000e+00   1.2976300e-06  -7.3366615e-07
   1.4028570e-06  -9.8564876e-01   1.6880915e-01
  -5.0408531e-07  -1.6880915e-01  -9.8564876e-01
   1.0000000e+00   1.2035020e-06  -6.8072974e-07
   1.3013100e-06  -9.8558864e-01   1.6915978e-01
  -4.6733535e-07  -1.6915978e-01  -9.8558864e-01
   1.0000000e+00   1.1503398e-06  -6.5081248e-07
   1.2439429e-06  -9.8555463e-01   1.6935784e-01
  -4.4659218e-07  -1.6935784e-01  -9.8555463e-01
   1.0000000e+00   1.0940240e-06  -6.1910518e-07
   1.1831612e-06  -9.8551855e-01   1.6956767e-01
  -4.2462853e-07  -1.6956767e-01  -9.8551855e-01
   1.0000000e+00   1.0404687e-06  -5.8893747e-07
   1.1253477e-06  -9.8548419e-01   1.6976723e-01
  -4.0375107e-07  -1.6976723e-01  -9.8548419e-01
   1.0000000e+00   9.8953822e-07  -5.6023507e-07
   1.0703578e-06  -9.8545147e-01   1.6995704e-01
  -3.8390549e-07  -1.6995704e-01  -9.8545147e-01
   1.0000000e+00   9.4110364e-07  -5.3292727e-07
   1.0180536e-06  -9.8542032e-01   1.7013755e-01
  -3.6504030e-07  -1.7013755e-01  -9.8542032e-01
   1.0000000e+00   8.9504236e-07  -5.0694671e-07
   9.6830409e-07  -9.8539067e-01   1.7030923e-01
  -3.4710658e-07  -1.7030923e-01  -9.8539067e-01
   1.0000000e+00   8.5123785e-07  -4.8222926e-07
   9.2098463e-07  -9.8536243e-01   1.7047252e-01
  -3.3005793e-07  -1.7047252e-01  -9.8536243e-01
   1.0000000e+00   8.0957931e-07  -4.5871383e-07
   8.7597662e-07  -9.8533555e-01   1.7062782e-01
  -3.1385029e-07  -1.7062782e-01  -9.8533555e-01
   1.0000000e+00   7.6996142e-07  -4.3634227e-07
   8.3316724e-07  -9.8530996e-01   1.7077552e-01
  -2.9844182e-07  -1.7077552e-01  -9.8530996e-01
   1.0000000e+00   7.3228403e-07  -4.1505921e-07
   7.9244917e-07  -9.8528560e-01   1.7091600e-01
  -2.8379280e-07  -1.7091600e-01  -9.8528560e-01
   1.0000000e+00   6.9645193e-07  -3.9481193e-07
   7.5372033e-07  -9.8526242e-01   1.7104961e-01
  -2.6986553e-07  -1.7104961e-01  -9.8526242e-01
   1.0000000e+00   6.6237458e-07  -3.7555026e-07
   7.1688361e-07  -9.8524035e-01   1.7117668e-01
  -2.5662418e-07  -1.7117668e-01  -9.8524035e-01
   1.0000000e+00   6.3631816e-07  -3.6081836e-07
   6.8871433e-07  -9.8522346e-01   1.7127384e-01
  -2.4650206e-07  -1.7127384e-01  -9.8522346e-01
   1.0000000e+00   6.0518534e-07  -3.4321191e-07
   6.5505365e-07  -9.8520327e-01   1.7138995e-01
  -2.3441082e-07  -1.7138995e-01  -9.8520327e-01
   1.0000000e+00   5.7557683e-07  -3.2646301e-07
   6.2303764e-07  -9.8518405e-01   1.7150037e-01
  -2.2291451e-07  -1.7150037e-01  -9.8518405e-01
   1.0000000e+00   5.4741788e-07  -3.1053002e-07
   5.9258599e-07  -9.8516577e-01   1.7160540e-01
  -2.1198368e-07  -1.7160540e-01  -9.8516577e-01
   1.0000000e+00   5.2063744e-07  -2.9537335e-07
   5.6362228e-07  -9.8514836e-01   1.7170529e-01
  -2.0159037e-07  -1.7170529e-01  -9.8514836e-01
   1.0000000e+00   4.9516793e-07  -2.8095529e-07
   5.3607387e-07  -9.8513180e-01   1.7180029e-01
  -1.9170800e-07  -1.7180029e-01  -9.8513180e-01
   1.0000000e+00   4.7094511e-07  -2.6723996e-07
   5.0987163e-07  -9.8511604e-01   1.7189065e-01
  -1.8231131e-07  -1.7189065e-01  -9.8511604e-01
   1.0000000e+00   4.4790788e-07  -2.5419321e-07
   4.8494980e-07  -9.8510104e-01   1.7197659e-01
  -1.7337633e-07  -1.7197659e-01  -9.8510104e-01
   1.0000000e+00   4.3029260e-07  -2.4421529e-07
   4.6589211e-07  -9.8508956e-01   1.7204230e-01
  -1.6654541e-07  -1.7204230e-01  -9.8508956e-01
   1.0000000e+00   4.0516071e-07  -2.2997702e-07
   4.3870029e-07  -9.8507318e-01   1.7213606e-01
  -1.5680143e-07  -1.7213606e-01  -9.8507318e-01
   1.0000000e+00   3.8534299e-07  -2.1874723e-07
   4.1725653e-07  -9.8506026e-01   1.7221000e-01
  -1.4911929e-07  -1.7221000e-01  -9.8506026e-01
   1.0000000e+00   3.6466176e-07  -2.0702602e-07
   3.9487681e-07  -9.8504677e-01   1.7228716e-01
  -1.4110377e-07  -1.7228716e-01  -9.8504677e-01
   1.0000000e+00   3.4509095e-07  -1.9593218e-07
   3.7369722e-07  -9.8503399e-01   1.7236018e-01
  -1.3351992e-07  -1.7236018e-01  -9.8503399e-01
   1.0000000e+00   3.2821263e-07  -1.8636306e-07
   3.5543029e-07  -9.8502297e-01   1.7242315e-01
  -1.2698044e-07  -1.7242315e-01  -9.8502297e-01
   1.0000000e+00   3.1372940e-07  -1.7815069e-07
   3.3975463e-07  -9.8501351e-01   1.7247720e-01
  -1.2136967e-07  -1.7247720e-01  -9.8501351e-01
   1.0000000e+00   2.9838553e-07  -1.6944917e-07
   3.2314661e-07  -9.8500348e-01   1.7253445e-01
  -1.1542624e-07  -1.7253445e-01  -9.8500348e-01
   1.0000000e+00   2.8379237e-07  -1.6117228e-07
   3.0735031e-07  -9.8499394e-01   1.7258891e-01
  -1.0977430e-07  -1.7258891e-01  -9.8499394e-01
   1.0000000e+00   2.6856313e-07  -1.5253349e-07
   2.9086464e-07  -9.8498398e-01   1.7264574e-01
  -1.0387676e-07  -1.7264574e-01  -9.8498398e-01
   1.0000000e+00   2.5800335e-07  -1.4654277e-07
   2.7943315e-07  -9.8497708e-01   1.7268514e-01
  -9.9787920e-08  -1.7268514e-01  -9.8497708e-01
   1.0000000e+00   2.4415846e-07  -1.3868750e-07
   2.6444471e-07  -9.8496802e-01   1.7273681e-01
  -9.4427604e-08  -1.7273681e-01  -9.8496802e-01
   1.0000000e+00   2.3221814e-07  -1.3191208e-07
   2.5151758e-07  -9.8496020e-01   1.7278137e-01
  -8.9805184e-08  -1.7278137e-01  -9.8496020e-01
   1.0000000e+00   2.1975730e-07  -1.2484054e-07
   2.3802633e-07  -9.8495204e-01   1.7282787e-01
  -8.4981754e-08  -1.7282787e-01  -9.8495204e-01
   1.0000000e+00   2.0901061e-07  -1.1874114e-07
   2.2639050e-07  -9.8494500e-01   1.7286798e-01
  -8.0822254e-08  -1.7286798e-01  -9.8494500e-01
   1.0000000e+00   1.9978878e-07  -1.1350674e-07
   2.1640534e-07  -9.8493896e-01   1.7290240e-01
  -7.7253252e-08  -1.7290240e-01  -9.8493896e-01
   1.0000000e+00   1.9001882e-07  -1.0796075e-07
   2.0582634e-07  -9.8493256e-01   1.7293886e-01
  -7.3472422e-08  -1.7293886e-01  -9.8493256e-01
   1.0000000e+00   1.8072674e-07  -1.0268559e-07
   1.9576444e-07  -9.8492647e-01   1.7297354e-01
  -6.9876811e-08  -1.7297354e-01  -9.8492647e-01
   1.0000000e+00   1.7188915e-07  -9.7668041e-08
   1.8619439e-07  -9.8492068e-01   1.7300652e-01
  -6.6457329e-08  -1.7300652e-01  -9.8492068e-01
   1.0000000e+00   1.6348381e-07  -9.2895538e-08
   1.7709213e-07  -9.8491517e-01   1.7303790e-01
  -6.3205330e-08  -1.7303790e-01  -9.8491517e-01
   1.0000000e+00   1.5548956e-07  -8.8356126e-08
   1.6843481e-07  -9.8490992e-01   1.7306773e-01
  -6.0112599e-08  -1.7306773e-01  -9.8490992e-01
   1.0000000e+00   1.4788630e-07  -8.4038431e-08
   1.6020067e-07  -9.8490494e-01   1.7309611e-01
  -5.7171322e-08  -1.7309611e-01  -9.8490494e-01
   1.0000000e+00   1.4065489e-07  -7.9931635e-08
   1.5236905e-07  -9.8490019e-01   1.7312310e-01
  -5.4374071e-08  -1.7312310e-01  -9.8490019e-01
   1.0000000e+00   1.3377715e-07  -7.6025445e-08
   1.4492025e-07  -9.8489568e-01   1.7314878e-01
  -5.1713782e-08  -1.7314878e-01  -9.8489568e-01
   1.0000000e+00   1.2723577e-07  -7.2310070e-08
   1.3783558e-07  -9.8489139e-01   1.7317319e-01
  -4.9183740e-08  -1.7317319e-01  -9.8489139e-01
   1.0000000e+00   1.2162250e-07  -6.9121672e-08
   1.3175597e-07  -9.8488770e-01   1.7319415e-01
  -4.7012780e-08  -1.7319415e-01  -9.8488770e-01
   1.0000000e+00   1.1394882e-07  -6.4762685e-08
   1.2344459e-07  -9.8488267e-01   1.7322279e-01
  -4.4045113e-08  -1.7322279e-01  -9.8488267e-01
